1776884505098 0.5123762488365173 1
1776884505100 0.6237623691558838 2
1776884505100 0.6237623691558838 3
1776884505101 0.6856435537338257 4
1776884505102 0.6856435537338257 5
1776884505102 0.6658415794372559 6
1776884505103 0.6955445408821106 7
1776884505104 0.6905940771102905 8
1776884505104 0.7079207897186279 9
1776884505105 0.7128713130950928 10
1776884505106 0.7277227640151978 11
1776884505106 0.7079207897186279 12
1776884505107 0.7376237511634827 13
1776884505108 0.7178217768669128 14
1776884505108 0.7425742745399475 15
1776884505109 0.7376237511634827 16
1776884505109 0.7252475023269653 17
1776884505110 0.7178217768669128 18
1776884505111 0.7301980257034302 19
1776884505111 0.7425742745399475 20
