1776884505098 230.06494140625 1
1776884505100 160.31039428710938 2
1776884505100 134.69131469726562 3
1776884505101 132.8105926513672 4
1776884505102 132.30369567871094 5
1776884505102 130.90460205078125 6
1776884505103 130.75413513183594 7
1776884505104 130.57872009277344 8
1776884505104 130.5994415283203 9
1776884505105 130.37063598632812 10
1776884505106 130.26588439941406 11
1776884505106 130.56417846679688 12
1776884505107 130.51968383789062 13
1776884505108 130.2274627685547 14
1776884505108 130.56671142578125 15
1776884505109 130.62673950195312 16
1776884505109 130.3538360595703 17
1776884505110 130.61004638671875 18
1776884505111 130.47607421875 19
1776884505111 130.53126525878906 20
