1776888189597 1.0 1
1776888189598 2.0 2
1776888189599 3.0 3
1776888189600 4.0 4
1776888189601 5.0 5
1776888189601 6.0 6
1776888189602 7.0 7
1776888189603 8.0 8
1776888189603 9.0 9
1776888189604 10.0 10
1776888189605 11.0 11
1776888189605 12.0 12
1776888189606 13.0 13
1776888189607 14.0 14
1776888189608 15.0 15
1776888189609 16.0 16
1776888189609 17.0 17
1776888189610 18.0 18
1776888189611 19.0 19
1776888189612 20.0 20
1776888189612 21.0 21
1776888189613 22.0 22
1776888189614 23.0 23
1776888189614 24.0 24
1776888189615 25.0 25
1776888189616 26.0 26
1776888189617 27.0 27
1776888189617 28.0 28
1776888189618 29.0 29
1776888189619 30.0 30
