1776888189597 227.5666961669922 1
1776888189598 160.13412475585938 2
1776888189599 135.48667907714844 3
1776888189600 132.8002166748047 4
1776888189601 132.1402130126953 5
1776888189601 130.92251586914062 6
1776888189602 130.58372497558594 7
1776888189603 130.82383728027344 8
1776888189603 130.61741638183594 9
1776888189604 130.72032165527344 10
1776888189605 130.80564880371094 11
1776888189605 130.4371795654297 12
1776888189606 130.4075927734375 13
1776888189607 130.53118896484375 14
1776888189608 130.43397521972656 15
1776888189609 130.52725219726562 16
1776888189609 130.47239685058594 17
1776888189610 130.74610900878906 18
1776888189611 130.5240478515625 19
1776888189612 130.6785430908203 20
1776888189612 130.85621643066406 21
1776888189613 130.32220458984375 22
1776888189614 130.6292724609375 23
1776888189614 130.5737762451172 24
1776888189615 130.32916259765625 25
1776888189616 130.61595153808594 26
1776888189617 130.58827209472656 27
1776888189617 130.4446258544922 28
1776888189618 130.5209503173828 29
1776888189619 130.54330444335938 30
