1776888189597 0.4925742447376251 1
1776888189598 0.6163366436958313 2
1776888189599 0.6435643434524536 3
1776888189600 0.6584158539772034 4
1776888189601 0.7054455280303955 5
1776888189601 0.7153465151786804 6
1776888189602 0.7153465151786804 7
1776888189603 0.6608911156654358 8
1776888189603 0.6633663177490234 9
1776888189604 0.698019802570343 10
1776888189605 0.7054455280303955 11
1776888189605 0.7202970385551453 12
1776888189606 0.7227723002433777 13
1776888189607 0.7450494766235352 14
1776888189608 0.7698019742965698 15
1776888189609 0.75 16
1776888189609 0.7252475023269653 17
1776888189610 0.7648515105247498 18
1776888189611 0.75 19
1776888189612 0.7450494766235352 20
1776888189612 0.7376237511634827 21
1776888189613 0.7524752616882324 22
1776888189614 0.7599009871482849 23
1776888189614 0.7549505233764648 24
1776888189615 0.7871286869049072 25
1776888189616 0.7524752616882324 26
1776888189617 0.7252475023269653 27
1776888189617 0.7400990128517151 28
1776888189618 0.75 29
1776888189619 0.7425742745399475 30
